Anni 0144114411
»4113411 0

1111 334 1141111. 3 3
11111 41333 xv. 11. 3 3 3131. 133
x1x 334 111, 41. 40 3 1033
1 334 1111144 3 1 1441
11 31334 11114 3 4 11113. 1331
111 334 1111. 11. 1> 3 3133
11 33411111 331 3333
1 31333 1111. 11. 4 4 1113. 3. 3334
11 334 xxv111. 14. 0 4 3313
111 333 1111114 1 1 311. 0. 3331
1111 3133311141. 1303 4013
111 3341141141. 3 4 4313

41 11111 lx 334 x111.14. 3 1 313. 3. 4134

43 XXVIII XI 6133551111. Δ 7 5109
commun 411111 11141111. 13333.

133341431434131141113 11.
Β 43 Ι XII 35411111. (135 1354

44 11 1111 333 x. 11. 11 3 11113. 131
43 111 111 31333 1111111. 11. 11 1 1333
43 11 11 3341111111. 3 3 141113. 1413

Β 41 1 111 334 141. 344 1330
43 11 1111 31333 xxv. 13. 0 1 1311111. 3133
43 111 11111 333 1114 1 3 3333
30 1111 111 334 1143. 0 4 3333

Β5111 1 6335511111. 1301 3377 ..

53 X Π 384 XI. 111. B 3 1611111. Ρ. 3661
53 XI 111 33411111. Δ 5 4015
54 111 111 641. 355 XIX. Μ. G 2 4370
Β 55 XIII V 383 VIIIM. VII 7 Emb. 0. 4753

56 XIV VI 3541117114. Ι) 5 5107
1111111141 4141 11 11111111 33433.

143341433341413313 1.
57 XV VII 1114. 385 XV. 33. 0 3 111116. P. 385

58 XVI VIII 354 IV. Ap. B 3 739
Β 59 XVII 11 354 XXIII. 11. 403 1099
60 XVIII X 613384 XIIII. 13 3 3:1130. 1477
81 111 XI 3114111114 II 3 1831
63 XX XII 354 XX. 11. D 6 3185
Β 63 XXI XIII 133385 VIII. II. 0133 171115. P. 3570
64 XXII XIV 854 11711111. Δ 3 3934
65 XXIII XV 383 XVIIII. 0 7 111111). 0. 3307
66 XXIV XVI 1133311411. 3 5 3663
Β 67 XXV XVII 334 XXIV. 11. 1303 4016
68 XXVI XVIII 384 111111. 0 7 3111133. 4490
63 XXVII XIX 1138551411. B 6 4755

1311111111 4341111111. 441 3133
031114113411 3113 111 V 314114 35541.

 

